149
79
162
8
174
1
205
184
141
78
53
201
126
22
168
218
243
13
162
124
173
225
192
52
121
246
141
153
185
255
26
78
78
188
86
252
190
36
180
75
114
234
20
240
0
188
202
244
201
108
112
118
77
48
171
198
39
56
95
224
55
121
46
133
54
133
129
244
169
53
63
27
31
83
12
32
15
214
20
216
67
132
79
144
180
250
87
219
50
182
187
105
48
234
238
102
111
111
90
24
164
153
51
196
236
63
228
251
22
248
211
89
124
34
233
48
28
64
12
78
247
199
183
39
177
165
141
32
20
231
56
185
128
108
125
108
171
97
103
193
89
58
26
213
93
4
5
121
68
17
200
59
217
127
98
138
37
239
171
57
214
227
242
86
79
111
194
251
208
41
188
41
100
215
254
193
219
4
58
31
21
2
91
238
130
189
121
167
173
36
224
131
7
211
218
87
66
156
82
19
198
14
60
42
229
59
235
192
63
37
224
84
40
59
67
170
248
188
81
165
224
49
41
231
4
3
62
71
159
144
90
101
159
150
143
132
209
122
69
16
160
37
101
200
96
168
114
88
100
195
254
68
244
39
43
249
42
106
64
201
250
154
47
153
48
190
30
2
57
99
18
217
136
119
161
232
31
19
64
131
214
62
199
202
101
243
195
143
93
3
89
87
157
136
241
206
70
15
208
127
114
226
88
250
90
249
226
121
12
34
253
226
97
196
173
198
183
112
86
20
116
175
108
17
55
93
223
125
108
175
253
222
146
85
216
236
79
186
101
91
220
98
62
61
39
235
4
222
91
90
243
207
9
95
225
64
188
192
189
40
112
186
6
2
16
222
238
95
152
83
186
116
182
248
178
221
227
182
187
63
16
174
14
25
13
239
89
201
176
22
241
32
209
247
34
225
213
16
64
109
99
250
226
25
243
148
246
214
74
178
21
90
96
36
115
110
19
204
55
195
226
41
227
179
32
5
148
246
21
212
99
121
207
69
146
194
217
137
152
35
59
174
125
155
210
240
9
229
188
65
169
159
106
140
82
138
146
231
128
167
187
228
32
138
41
179
76
3
60
229
38
119
147
164
18
101
148
28
74
81
93
243
240
199
128
66
81
18
41
210
185
229
182
218
111
223
141
188
226
201
161
9
64
52
173
82
153
65
110
227
146
203
215
130
146
87
197
228
105
238
182
34
211
108
252
67
75
137
255
46
82
160
55
146
212
228
229
109
37
83
80
184
31
39
58
177
126
255
149
231
238
75
10
193
183
6
4
3
144
3
49
226
163
104
117
119
76
90
228
113
173
53
41
204
92
100
126
219
99
19
194
81
95
204
19
22
211
23
25
99
27
74
69
190
178
186
54
254
20
26
112
194
79
153
142
172
253
12
135
97
32
73
178
127
22
197
149
233
221
175
76
248
249
145
182
172
76
236
170
96
7
26
34
86
180
177
2
177
189
137
18
221
211
197
92
233
138
242
210
103
161
30
95
154
175
22
70
251
2
241
92
9
11
126
96
191
47
98
113
237
236
131
202
191
72
39
168
211
25
122
58
186
152
154
84
71
176
155
67
178
140
159
188
151
29
28
87
77
126
200
58
106
75
4
41
148
43
209
103
68
75
161
254
227
59
83
43
235
238
110
158
122
13
90
17
42
118
104
119
244
48
177
95
124
182
136
16
225
90
119
38
165
24
36
137
84
119
180
63
101
34
221
223
47
55
241
89
173
89
209
162
138
130
1
6
56
137
22
26
227
141
64
137
165
100
18
249
220
198
57
65
232
22
33
23
78
18
112
251
107
65
157
245
196
158
251
252
40
17
22
11
158
86
148
68
187
166
61
151
108
118
216
84
141
249
107
219
11
220
214
119
29
116
108
225
18
104
222
58
121
244
70
24
75
218
92
6
129
153
157
237
16
117
66
157
111
173
120
122
137
78
241
167
194
94
136
213
198
102
15
63
91
85
87
166
48
179
172
177
77
73
158
93
190
224
250
45
142
114
168
23
192
153
190
131
247
71
88
189
173
103
253
8
189
84
174
237
8
90
158
85
163
60
178
98
29
172
143
171
30
55
194
222
209
129
97
200
200
185
134
117
33
131
126
222
215
44
203
223
135
105
52
42
165
230
140
194
146
28
109
176
83
48
143
36
177
240
237
121
170
115
238
203
246
108
169
205
153
116
173
32
221
225
74
130
200
215
69
90
243
178
11
70
226
154
107
147
138
88
12
52
203
251
255
193
103
168
142
0
28
59
32
249
29
107
124
229
66
193
63
