1. 118,10		68,8454		4 739,69
2. 108,50		70,5397		4 975,85
3. 120,70		74,8038		5 595,61
4. 117,10		73,5859		5 414,89
5. 118,50		71,6034		5 127,05
6. 117,90		71,1596		5 063,69
7. 139,60		65,0249		4 228,24
8. 143,40		69,6796		4 855,24
9. 126,30		78,0923		6 098,41
10. 128,40		78,7391		6 199,84
11. 133,00		76,9844		5 926,60
12. 145,00		72,819		5 302,60
13. 147,40		74,9883		5 623,24
14. 154,00		75,7153		5 732,80
15. 157,00		70,8647		5 021,80
16. 152,30		71,5347		5 117,21
17. 155,10		74,5365		5 555,69
18. 144,90		68,5485		4 698,89
19. 158,90		52,6278		2 769,69
20. 161,20		53,2124		2 831,56
21. 174,30		58,3216		3 401,41
22. 159,60		73,3787		5 384,44
23. 144,90		73,5288		5 406,49
24. 133,50		74,1772		5 502,25
25. 147,10		70,3569		4 950,09
26. 143,60		72,4088		5 243,04
27. 144,20		73,2746		5 369,16
28. 149,10		74,5244		5 553,89
29. 137,40		81,8208		6 694,64
30. 136,90		81,5432		6 649,29
31. 118,90		72,8951		5 313,69
32. 127,70		66,1484		4 375,61
33. 143,30		70,8181		5 015,21
34. 137,50		77,9452		6 075,45
35. 142,70		82,7285		6 844,01
36. 134,10		92,1135		8 484,89
37. 127,70		85,6995		7 344,41
38. 128,90		86,6423		7 506,89
39. 149,70		86,8102		7 536,01
40. 151,80		87,7665		7 702,96
41. 155,10		85,4054		7 294,09
42. 154,90		85,5037		7 310,89
43. 143,30		81,7729		6 686,81
44. 149,00		74,6565		5 573,60
45. 129,80		73,464		5 396,96
46. 146,90		59,9124		3 589,49
47. 147,90		60,6687		3 680,69
48. 131,60		65,6372		4 308,24
49. 112,80		57,1223		3 262,96
50. 102,20		49,0343		2 404,36
51. 113,80		61,2369		3 749,96
52. 108,10		63,7408		4 062,89
53. 108,40		63,7937		4 069,64
54. 105,30		65,9607		4 350,81
55. 113,80		63,4583		4 026,96
56. 102,10		62,6138		3 920,49
57. 95,60		55,2634		3 054,04
58. 104,60		52,576		2 764,24
59. 123,40		64,1704		4 117,84
60. 130,80		64,733		4 190,36
61. 113,70		60,2877		3 634,61
62. 114,50		59,5521		3 546,45
63. 105,10		64,9576		4 219,49
64. 103,60		66,4608		4 417,04
65. 98,60		65,9397		4 348,04
66. 94,40		69,8673		4 881,44
67. 84,30		70,8506		5 019,81
68. 72,90		71,9047		5 170,29
69. 69,90		64,9976		4 224,69
70. 55,00		57,1804		3 269,60
71. 71,30		74,8038		5 595,61
72. 71,70		74,769		5 590,41
73. 82,20		75,1263		5 643,96
74. 87,00		73,2107		5 359,80
75. 93,10		75,1391		5 645,89
76. 109,90		73,8992		5 461,09
77. 131,70		79,6355		6 341,81
78. 138,90		71,6093		5 127,89
79. 139,40		72,1473		5 205,24
80. 142,40		67,6006		4 569,84
81. 139,00		64,6019		4 173,40
82. 151,00		61,167		3 741,40
83. 148,30		62,5269		3 909,61
84. 145,20		66,5264		4 425,76
85. 154,20		71,6461		5 133,16
86. 160,00		75,7311		5 735,20
87. 145,20		71,011		5 042,56
88. 147,60		69,3905		4 815,04
89. 136,80		65,7462		4 322,56
90. 140,80		61,4179		3 772,16
91. 125,00		68,6804		4 717,00
92. 122,70		66,9284		4 479,41
93. 127,50		67,2075		4 516,85
94. 127,80		66,8578		4 469,96
95. 124,00		61,5857		3 792,80
96. 123,80		61,2173		3 747,56
97. 119,90		63,6749		4 054,49
98. 131,60		71,2618		5 078,24
99. 145,60		79,1545		6 265,44
100. 138,80		86,2424		7 437,76
101. 161,20		82,5261		6 810,56
102. 165,90		83,879		7 035,69
103. 159,50		87,0026		7 569,45
104. 166,80		80,405		6 464,96
105. 150,60		88,7741		7 880,84
106. 150,30		88,4896		7 830,41
107. 148,80		90,0698		8 112,56
108. 128,80		92,4368		8 544,56
109. 110,10		84,3889		7 121,49
110. 109,10		85,4792		7 306,69
111. 92,10		72,0076		5 185,09
112. 95,70		78,4717		6 157,81
113. 106,70		84,258		7 099,41
114. 112,60		87,2745		7 616,84
115. 113,10		86,836		7 540,49
116. 107,50		80,4975		6 479,85
117. 119,20		79,4957		6 319,56
118. 130,50		73,5367		5 407,65
119. 127,30		76,9767		5 925,41
120. 128,10		75,8069		5 746,69
121. 143,40		79,5012		6 320,44
122. 124,30		75,1413		5 646,21
123. 122,90		73,8559		5 454,69
124. 117,40		71,1747		5 065,84
125. 124,30		66,426		4 412,41
126. 119,10		64,0913		4 107,69
127. 113,40		62,2643		3 876,84
128. 116,40		64,214		4 123,44
129. 122,90		58,3651		3 406,49
130. 131,20		48,1494		2 318,36
131. 127,40		41,1077		1 689,84
132. 130,70		36,2851		1 316,61
133. 118,00		37,2693		1 389,00
134. 107,80		46,0582		2 121,36
135. 118,30		55,8374		3 117,81
136. 115,10		56,2769		3 167,09
137. 104,70		65,4844		4 288,21
138. 88,10		67,5802		4 567,09
139. 90,50		68,2763		4 661,65
140. 87,00		68,4427		4 684,40
141. 69,40		61,164		3 741,04
142. 80,50		72,6983		5 285,05
143. 80,60		72,668		5 280,64
144. 99,70		80,4873		6 478,21
145. 91,10		72,077		5 195,09
146. 91,60		72,1058		5 199,24
147. 105,00		66,8401		4 467,60
148. 108,20		62,608		3 919,76
149. 120,00		73,9932		5 475,00
150. 130,30		73,2025		5 358,61
151. 134,30		67,7954		4 596,21
152. 135,70		69,2662		4 797,81
153. 152,50		68,9989		4 760,85
154. 155,00		71,691		5 139,60
155. 150,90		74,30		5 520,49
156. 149,00		75,8551		5 754,00
157. 146,30		76,6747		5 879,01
158. 162,00		68,3037		4 665,40
159. 163,20		69,7364		4 863,16
160. 166,90		71,0218		5 044,09
161. 165,30		73,6126		5 418,81
162. 162,70		72,2939		5 226,41
163. 144,10		77,1239		5 948,09
164. 129,90		70,5868		4 982,49
165. 142,80		73,127		5 347,56
166. 160,30		76,6212		5 870,81
167. 168,50		75,2825		5 667,45
168. 171,00		76,4931		5 851,20
169. 146,30		85,9652		7 390,01
170. 131,30		86,9713		7 564,01
171. 130,30		88,0546		7 753,61
172. 113,60		91,3041		8 336,44
173. 109,70		95,0769		9 039,61
174. 108,80		95,2069		9 064,36
175. 111,10		97,9821		9 600,49
176. 98,70		86,2578		7 440,41
177. 98,30		85,8278		7 366,41
178. 88,50		76,5836		5 865,05
179. 104,80		74,1725		5 501,56
180. 116,30		74,936		5 615,41
181. 116,80		74,3798		5 532,36
182. 137,10		73,1552		5 351,69
183. 150,00		57,9983		3 363,80
184. 141,60		70,6402		4 990,04
185. 138,90		67,3431		4 535,09
186. 147,70		71,2419		5 075,41
187. 137,50		71,8975		5 169,25
188. 132,00		74,9867		5 623,00
189. 130,90		74,5446		5 556,89
190. 121,80		74,404		5 535,96
191. 120,10		76,5094		5 853,69
192. 117,50		73,3093		5 374,25
193. 105,80		79,3118		6 290,36
194. 111,10		74,1343		5 495,89
195. 94,20		68,4818		4 689,76
196. 95,30		70,5196		4 973,01
197. 92,50		71,3446		5 090,05
198. 109,40		82,2486		6 764,84
199. 113,00		84,9529		7 217,00
200. 111,10		85,8329		7 367,29
201. 112,90		84,0529		7 064,89
202. 115,50		86,9957		7 568,25
203. 122,50		81,168		6 588,25
204. 120,50		82,9111		6 874,25
205. 122,20		81,4454		6 633,36
206. 106,00		74,3976		5 535,00
207. 117,10		74,8364		5 600,49
208. 118,40		76,9561		5 922,24
209. 118,00		76,582		5 864,80
210. 119,80		75,4716		5 695,96
211. 132,60		71,0693		5 050,84
212. 132,60		71,0693		5 050,84
213. 129,10		74,1707		5 501,29
214. 129,20		74,0511		5 483,56
215. 146,40		75,705		5 731,24
216. 140,10		84,1955		7 088,89
217. 123,40		92,7375		8 600,24
218. 104,80		84,1354		7 078,76
219. 93,10		79,774		6 363,89
220. 100,90		81,992		6 722,69
221. 98,80		80,5801		6 493,16
222. 85,40		68,9481		4 753,84
223. 90,60		67,9606		4 618,64
224. 102,40		68,5656		4 701,24
225. 94,30		56,6428		3 208,41
226. 108,20		49,3656		2 436,96
227. 121,10		34,9355		1 220,49
228. 135,80		37,7857		1 427,76
229. 140,90		31,6368		1 000,89
230. 131,90		37,4712		1 404,09
231. 119,10		50,6842		2 568,89
232. 126,10		51,0146		2 602,49
233. 119,70		57,3795		3 292,41
234. 113,90		56,0294		3 139,29
235. 118,90		61,0352		3 725,29
236. 114,20		60,8076		3 697,56
237. 117,80		62,7882		3 942,36
238. 108,30		54,971		3 021,81
239. 104,90		55,0699		3 032,69
240. 108,00		53,8201		2 896,60
241. 125,90		49,8667		2 486,69
242. 135,30		62,6339		3 923,01
243. 138,40		58,3099		3 400,04
244. 152,70		64,5818		4 170,81
245. 136,60		70,5736		4 980,64
246. 131,30		75,2583		5 663,81
247. 139,40		82,7577		6 848,84
248. 132,20		87,6422		7 681,16
249. 134,00		86,8976		7 551,20
250. 130,40		88,953		7 912,64
251. 131,00		89,4058		7 993,40
252. 130,60		88,8619		7 896,44
253. 139,20		86,518		7 485,36
254. 119,50		82,759		6 849,05
255. 130,90		78,6339		6 183,29
256. 131,40		78,0874		6 097,64
257. 125,50		70,8749		5 023,25
258. 124,30		72,3644		5 236,61
259. 113,90		81,1831		6 590,69
260. 113,20		81,6392		6 664,96
261. 103,00		76,2247		5 810,20
262. 79,80		61,9157		3 833,56
263. 86,10		71,5939		5 125,69
264. 95,00		71,7119		5 142,60
265. 91,60		69,658		4 852,24
266. 102,90		70,8244		5 016,09
267. 107,10		76,8537		5 906,49
268. 107,20		76,7539		5 891,16
269. 108,90		74,562		5 559,49
270. 109,60		74,1029		5 491,24
271. 112,80		74,2668		5 515,56
272. 132,40		72,5041		5 256,84
273. 116,90		69,2567		4 796,49
274. 123,20		73,4463		5 394,36
275. 131,50		77,1016		5 944,65
276. 125,50		76,9068		5 914,65
277. 126,60		78,4846		6 159,84
278. 143,00		73,7889		5 444,80
279. 155,40		61,2653		3 753,44
280. 158,30		57,437		3 299,01
281. 145,50		73,976		5 472,45
282. 133,00		71,8763		5 166,20
283. 135,50		69,7671		4 867,45
284. 131,30		67,0284		4 492,81
285. 124,70		62,8618		3 951,61
286. 138,70		71,0775		5 052,01
287. 135,00		66,3581		4 403,40
288. 122,50		65,6479		4 309,65
289. 109,70		72,5218		5 259,41
290. 121,20		77,8817		6 065,56
291. 133,60		67,2164		4 518,04
292. 136,10		65,9643		4 351,29
293. 150,00		68,7401		4 725,20
294. 143,10		71,1132		5 057,09
295. 154,50		77,8771		6 064,85
296. 139,40		74,1933		5 504,64
297. 143,70		79,0178		6 243,81
298. 159,30		78,3238		6 134,61
299. 169,90		63,9272		4 086,69
300. 150,30		77,7857		6 050,61
301. 141,00		85,2197		7 262,40
302. 154,90		90,8333		8 250,69
303. 154,90		90,8333		8 250,69
304. 155,80		90,2084		8 137,56
305. 150,40		85,9223		7 382,64
306. 158,70		83,6661		7 000,01
307. 153,60		79,4546		6 313,04
308. 149,30		76,5298		5 856,81
309. 148,40		76,9093		5 915,04
310. 155,80		66,2507		4 389,16
311. 154,40		68,9046		4 747,84
312. 140,70		61,118		3 735,41
313. 135,60		55,6726		3 099,44
314. 136,70		55,0037		3 025,41
315. 118,80		61,5318		3 786,16
316. 107,00		61,3205		3 760,20
317. 96,50		53,3053		2 841,45
318. 100,50		60,642		3 677,45
319. 101,80		61,0128		3 722,56
320. 104,00		60,7997		3 696,60
321. 119,50		57,0513		3 254,85
322. 133,20		69,6287		4 848,16
323. 137,90		73,7556		5 439,89
324. 141,70		73,0932		5 342,61
325. 148,50		63,7405		4 062,85
326. 164,60		58,1811		3 385,04
327. 178,90		56,371		3 177,69
328. 164,50		61,4317		3 773,85
329. 170,60		60,2233		3 626,84
330. 169,90		60,9827		3 718,89
331. 161,50		65,3318		4 268,25
332. 158,20		61,3381		3 762,36
333. 145,80		59,6989		3 563,96
334. 137,40		64,7738		4 195,64
335. 135,00		67,0746		4 499,00
336. 117,30		66,7174		4 451,21
337. 117,20		66,5399		4 427,56
338. 109,70		74,2079		5 506,81
339. 113,30		78,5672		6 172,81
340. 112,30		78,7808		6 206,41
341. 112,20		78,8084		6 210,76
342. 114,50		82,1842		6 754,25
343. 125,40		86,3935		7 463,84
344. 120,10		91,5898		8 388,69
345. 123,50		89,9492		8 090,85
346. 142,10		89,7836		8 061,09
347. 125,00		86,6926		7 515,60
348. 143,40		78,1655		6 109,84
349. 140,40		75,6257		5 719,24
350. 150,20		74,9357		5 615,36
351. 145,20		80,2643		6 442,36
352. 132,10		73,6511		5 424,49
353. 130,00		71,7607		5 149,60
354. 129,70		72,2704		5 223,01
355. 120,40		81,5282		6 646,84
356. 99,50		78,7772		6 205,85
357. 115,30		85,6201		7 330,81
358. 120,30		91,0099		8 282,81
359. 110,60		87,9695		7 738,64
360. 106,90		85,3328		7 281,69
361. 111,20		82,9021		6 872,76
362. 118,60		85,892		7 377,44
363. 111,60		82,9147		6 874,84
364. 129,20		77,1075		5 945,56
365. 153,80		71,6503		5 133,76
366. 170,00		55,0545		3 031,00
367. 169,90		54,9608		3 020,69
368. 168,80		53,682		2 881,76
369. 177,50		47,7373		2 278,85
370. 181,00		47,017		2 210,60
371. 179,00		51,3673		2 638,60
372. 162,00		70,722		5 001,60
373. 167,80		69,0707		4 770,76
374. 151,00		82,6668		6 833,80
375. 128,70		83,5656		6 983,21
376. 112,20		88,3547		7 806,56
377. 114,00		90,705		8 227,40
378. 100,20		82,5988		6 822,56
379. 102,10		84,6516		7 165,89
380. 101,00		83,6062		6 990,00
381. 96,90		86,3301		7 452,89
382. 119,40		91,4803		8 368,64
383. 105,20		92,9126		8 632,76
384. 124,70		92,1857		8 498,21
385. 146,90		92,2339		8 507,09
386. 149,00		89,3555		7 984,40
387. 147,60		88,0343		7 750,04
388. 160,00		87,639		7 680,60
389. 141,50		96,1449		9 243,85
390. 130,30		97,9796		9 600,01
391. 139,00		91,6341		8 396,80
392. 124,80		85,5264		7 314,76
393. 146,60		86,8668		7 545,84
394. 148,30		88,227		7 784,01
395. 126,10		88,5285		7 837,29
396. 147,00		88,9876		7 918,80
397. 139,30		85,154		7 251,21
398. 142,60		88,5192		7 835,64
399. 162,40		79,6909		6 350,64
400. 163,40		78,5038		6 162,84
401. 170,30		76,4239		5 840,61
402. 162,50		86,6051		7 500,45
403. 146,50		83,6926		7 004,45
404. 133,50		80,3645		6 458,45
405. 134,60		78,9344		6 230,64
406. 121,80		70,2151		4 930,16
407. 118,00		69,7209		4 861,00
408. 95,30		60,724		3 687,41
409. 94,30		58,8133		3 459,01
410. 92,40		59,7381		3 568,64
411. 94,10		62,3353		3 885,69
412. 114,60		68,3435		4 670,84
413. 109,70		71,6101		5 128,01
414. 122,80		79,4579		6 313,56
415. 137,10		75,3093		5 671,49
416. 128,80		81,5988		6 658,36
417. 118,30		89,6962		8 045,41
418. 131,20		83,5533		6 981,16
419. 135,40		88,0423		7 751,44
420. 132,00		91,6635		8 402,20
421. 133,70		92,9646		8 642,41
422. 121,00		88,0318		7 749,60
423. 129,00		83,9381		7 045,60
424. 127,00		81,79		6 689,60
425. 116,00		81,4531		6 634,60
426. 127,40		76,7401		5 889,04
427. 146,30		66,912		4 477,21
428. 153,20		70,208		4 929,16
429. 142,30		63,0509		3 975,41
430. 155,40		48,3926		2 341,84
431. 137,70		56,1944		3 157,81
432. 133,70		60,095		3 611,41
433. 139,00		61,0705		3 729,60
434. 130,80		56,7412		3 219,56
435. 139,40		53,1248		2 822,24
436. 145,80		57,2308		3 275,36
437. 150,40		62,5239		3 909,24
438. 129,60		70,9397		5 032,44
439. 138,80		77,0088		5 930,36
440. 142,40		78,3712		6 142,04
441. 145,40		74,6903		5 578,64
442. 156,40		69,0423		4 766,84
443. 154,90		68,8062		4 734,29
444. 153,00		69,8599		4 880,40
445. 151,50		69,9618		4 894,65
446. 138,70		69,7969		4 871,61
447. 128,50		61,1674		3 741,45
448. 142,20		46,4366		2 156,36
449. 142,40		46,8128		2 191,44
450. 136,40		44,3649		1 968,24
451. 146,60		38,0531		1 448,04
452. 148,40		39,4695		1 557,84
453. 155,30		46,1802		2 132,61
454. 147,90		57,9231		3 355,09
455. 147,70		57,9535		3 358,61
456. 143,60		63,6289		4 048,64
457. 147,70		64,4516		4 154,01
458. 140,70		67,9618		4 618,81
459. 117,90		71,9701		5 179,69
460. 111,10		73,8816		5 458,49
461. 117,30		80,6078		6 497,61
462. 102,40		80,1164		6 418,64
463. 91,50		68,9192		4 749,85
464. 103,00		67,6136		4 571,60
465. 105,60		69,3862		4 814,44
466. 103,30		71,8276		5 159,21
467. 95,50		67,2744		4 525,85
468. 102,70		68,6412		4 711,61
469. 105,20		65,3403		4 269,36
470. 106,60		64,5015		4 160,44
471. 91,80		50,0875		2 508,76
472. 97,30		46,789		2 189,21
473. 109,70		64,1187		4 111,21
474. 119,00		74,7222		5 583,40
475. 122,50		77,5155		6 008,65
476. 133,50		69,2723		4 798,65
477. 130,00		71,6687		5 136,40
478. 123,30		72,7957		5 299,21
479. 122,30		74,154		5 498,81
480. 119,00		76,9129		5 915,60
481. 131,90		80,2053		6 432,89
482. 141,10		80,4916		6 478,89
483. 139,70		78,8112		6 211,21
484. 133,90		73,147		5 350,49
485. 135,80		75,0357		5 630,36
486. 134,10		75,3849		5 682,89
487. 149,80		75,9142		5 762,96
488. 155,80		72,5352		5 261,36
489. 172,80		56,3663		3 177,16
490. 191,30		37,1593		1 380,81
491. 190,40		36,8027		1 354,44
492. 188,00		37,8444		1 432,20
493. 166,00		63,1205		3 984,20
494. 154,20		69,712		4 859,76
495. 137,60		72,2609		5 221,64
496. 143,80		72,3724		5 237,76
497. 129,70		69,2359		4 793,61
498. 130,90		69,5247		4 833,69
499. 118,60		69,2144		4 790,64
500. 107,00		59,2453		3 510,00
501. 109,60		63,7153		4 059,64
502. 108,10		62,6553		3 925,69
503. 127,50		58,8885		3 467,85
504. 142,60		60,0187		3 602,24
505. 150,40		52,311		2 736,44
506. 147,70		51,7688		2 680,01
507. 148,20		51,1523		2 616,56
508. 152,60		53,2263		2 833,04
509. 168,90		48,6671		2 368,49
510. 168,40		49,2914		2 429,64
511. 169,50		50,6897		2 569,45
512. 173,10		50,1686		2 516,89
513. 156,20		63,8495		4 076,76
514. 155,80		63,4914		4 031,16
515. 153,60		64,7166		4 188,24
516. 164,20		70,9814		5 038,36
517. 162,20		73,37		5 383,16
518. 150,00		76,6394		5 873,60
519. 140,90		72,1061		5 199,29
520. 155,90		78,4047		6 147,29
521. 136,70		79,4507		6 312,41
522. 126,70		79,4129		6 306,41
523. 139,30		73,4793		5 399,21
524. 123,70		73,1602		5 352,41
525. 127,50		73,2328		5 363,05
526. 123,50		67,1644		4 511,05
527. 139,60		70,8847		5 024,64
528. 155,00		71,8985		5 169,40
529. 152,20		73,0805		5 340,76
530. 130,40		71,6648		5 135,84
531. 134,10		68,0771		4 634,49
532. 133,90		68,2326		4 655,69
533. 136,30		69,5184		4 832,81
534. 133,90		72,6284		5 274,89
535. 123,20		77,7583		6 046,36
536. 107,80		73,7954		5 445,76
537. 102,70		66,7369		4 453,81
538. 92,40		52,9796		2 806,84
539. 107,00		72,1803		5 210,00
540. 118,20		69,0721		4 770,96
541. 133,00		75,501		5 700,40
542. 148,80		79,1982		6 272,36
543. 137,90		81,082		6 574,29
544. 135,80		84,0414		7 062,96
545. 151,20		78,8414		6 215,96
546. 163,70		72,7476		5 292,21
547. 146,60		86,4236		7 469,04
548. 134,40		96,4948		9 311,24
549. 109,20		94,5958		8 948,36
550. 108,70		94,3971		8 910,81
551. 85,90		89,5125		8 012,49
552. 67,00		74,0135		5 478,00
553. 82,10		88,1572		7 771,69
554. 97,40		87,5913		7 672,24
555. 88,50		81,7524		6 683,45
556. 81,90		76,3419		5 828,09
557. 93,20		72,5394		5 261,96
558. 100,40		66,6636		4 444,04
559. 109,10		58,5704		3 430,49
560. 117,50		68,2045		4 651,85
561. 128,50		56,7613		3 221,85
562. 140,90		51,3234		2 634,09
563. 123,60		48,8184		2 383,24
564. 111,40		52,5494		2 761,44
565. 121,40		59,2743		3 513,44
566. 118,90		59,9307		3 591,69
567. 117,00		60,198		3 623,80
568. 122,00		58,6413		3 438,80
569. 134,90		64,1162		4 110,89
570. 122,00		56,6268		3 206,60
571. 112,60		64,5836		4 171,04
572. 114,70		66,8162		4 464,41
573. 117,50		64,726		4 189,45
574. 122,90		60,2137		3 625,69
575. 122,90		60,2137		3 625,69
576. 115,60		67,5014		4 556,44
577. 107,80		73,1256		5 347,36
578. 116,30		79,4167		6 307,01
579. 96,70		75,7536		5 738,61
580. 89,30		78,7236		6 197,41
581. 97,30		75,1572		5 648,61
582. 80,60		70,2057		4 928,84
583. 79,90		70,2331		4 932,69
584. 77,30		70,1071		4 915,01
585. 75,90		67,6601		4 577,89
586. 91,80		71,0194		5 043,76
587. 108,20		71,9372		5 174,96
588. 92,50		64,5403		4 165,45
589. 115,60		75,8752		5 757,04
590. 115,10		76,4846		5 849,89
591. 107,80		81,022		6 564,56
592. 116,30		76,4278		5 841,21
593. 128,30		78,2433		6 122,01
594. 129,30		77,5397		6 012,41
595. 125,60		75,4085		5 686,44
596. 122,00		73,66		5 425,80
597. 120,60		72,5551		5 264,24
598. 140,50		78,598		6 177,65
599. 116,30		77,1687		5 955,01
600. 127,80		70,2165		4 930,36
601. 134,90		62,7574		3 938,49
602. 126,90		69,8634		4 880,89
603. 114,80		67,637		4 574,76
604. 124,70		68,9058		4 748,01
605. 122,10		68,2766		4 661,69
606. 110,10		74,0276		5 480,09
607. 112,60		76,4581		5 845,84
608. 102,20		62,4417		3 898,96
609. 124,30		65,6339		4 307,81
610. 132,90		71,8157		5 157,49
611. 140,70		71,7287		5 145,01
612. 145,10		66,0507		4 362,69
613. 162,60		67,7897		4 595,44
614. 169,70		72,5797		5 267,81
615. 171,50		71,7165		5 143,25
616. 187,50		51,6067		2 663,25
617. 185,00		51,6914		2 672,00
618. 177,70		60,64		3 677,21
619. 178,00		60,9196		3 711,20
620. 172,90		59,2173		3 506,69
621. 165,00		63,5232		4 035,20
622. 158,10		75,4446		5 691,89
623. 135,90		78,3319		6 135,89
624. 114,40		73,7078		5 432,84
625. 108,50		73,3829		5 385,05
626. 108,30		73,1848		5 356,01
627. 108,80		73,634		5 421,96
628. 101,40		80,0015		6 400,24
629. 95,50		71,5909		5 125,25
630. 97,40		73,762		5 440,84
631. 101,50		74,7037		5 580,65
632. 102,60		73,3733		5 383,64
633. 122,10		76,279		5 818,49
634. 139,80		74,2924		5 519,36
635. 150,90		73,7149		5 433,89
636. 142,10		74,9579		5 618,69
637. 147,70		79,3209		6 291,81
638. 161,30		63,1934		3 993,41
639. 167,80		67,6591		4 577,76
640. 169,90		68,6039		4 706,49
641. 166,50		70,9524		5 034,25
642. 180,80		51,2597		2 627,56
643. 161,70		66,1454		4 375,21
644. 150,10		66,652		4 442,49
645. 145,80		64,8503		4 205,56
646. 154,10		62,7096		3 932,49
647. 133,00		67,8955		4 609,80
648. 126,20		70,4128		4 957,96
649. 127,10		71,9284		5 173,69
650. 106,30		74,9587		5 618,81
651. 120,10		85,0981		7 241,69
652. 113,20		84,2957		7 105,76
653. 111,10		86,573		7 494,89
654. 102,70		91,6538		8 400,41
655. 99,90		90,4637		8 183,69
656. 92,00		86,9414		7 558,80
657. 108,90		88,1095		7 763,29
658. 106,60		89,3859		7 989,84
659. 91,30		75,3526		5 678,01
660. 102,40		69,3141		4 804,44
661. 102,00		68,5201		4 695,00
662. 116,40		79,2038		6 273,24
663. 128,60		70,6558		4 992,24
664. 147,70		61,5078		3 783,21
665. 154,20		62,3006		3 881,36
666. 151,80		64,9042		4 212,56
667. 136,60		71,416		5 100,24
668. 148,70		65,189		4 249,61
669. 160,00		65,215		4 253,00
670. 151,20		76,0076		5 777,16
671. 139,70		70,6683		4 994,01
672. 121,90		66,4627		4 417,29
673. 127,40		69,2072		4 789,64
674. 122,40		65,3348		4 268,64
675. 118,70		62,3234		3 884,21
676. 119,90		61,5231		3 785,09
677. 123,10		57,9611		3 359,49
678. 123,90		58,6267		3 437,09
679. 118,30		52,3814		2 743,81
680. 122,50		46,031		2 118,85
681. 128,10		48,9437		2 395,49
682. 136,30		43,0234		1 851,01
683. 133,60		40,5985		1 648,24
684. 137,20		43,5587		1 897,36
685. 136,90		43,4522		1 888,09
686. 131,40		52,3664		2 742,24
687. 127,10		58,5499		3 428,09
688. 118,20		57,1888		3 270,56
689. 110,40		56,9565		3 244,04
690. 116,30		55,1834		3 045,21
691. 118,50		57,9677		3 360,25
692. 110,30		60,1067		3 612,81
693. 105,00		57,874		3 349,40
694. 93,70		51,2134		2 622,81
695. 79,00		53,6936		2 883,00
696. 80,20		52,6874		2 775,96
697. 92,20		53,0958		2 819,16
698. 87,80		55,1286		3 039,16
699. 101,00		65,7434		4 322,20
700. 98,70		65,2289		4 254,81
701. 85,50		56,1128		3 148,65
702. 87,20		55,5082		3 081,16
703. 92,70		59,6675		3 560,21
704. 110,60		76,2249		5 810,24
705. 132,90		74,374		5 531,49
706. 134,70		72,3174		5 229,81
707. 128,20		73,7371		5 437,16
708. 128,20		73,7371		5 437,16
709. 130,80		76,9296		5 918,16
710. 144,30		82,5095		6 807,81
711. 148,50		79,534		6 325,65
712. 156,80		75,6674		5 725,56
713. 152,90		76,3524		5 829,69
714. 128,80		78,6382		6 183,96
715. 115,10		71,9895		5 182,49
716. 110,90		76,2397		5 812,49
717. 106,80		78,6928		6 192,56
718. 114,30		75,7747		5 741,81
719. 101,20		64,2181		4 123,96
720. 89,30		46,2883		2 142,61
721. 102,70		65,6766		4 313,41
722. 91,70		64,6978		4 185,81
723. 97,20		69,2197		4 791,36
724. 105,40		63,3691		4 015,64
725. 108,80		63,3637		4 014,96
726. 125,30		58,6158		3 435,81
727. 134,70		51,6237		2 665,01
728. 124,50		62,7857		3 942,05
729. 136,60		69,0191		4 763,64
730. 133,70		70,2952		4 941,41
731. 121,20		59,9179		3 590,16
732. 120,20		61,201		3 745,56
733. 119,00		60,1847		3 622,20
734. 111,90		66,4582		4 416,69
735. 103,10		70,0049		4 900,69
736. 98,60		66,1275		4 372,84
737. 93,40		65,0172		4 227,24
738. 103,70		59,8967		3 587,61
739. 99,20		51,7509		2 678,16
740. 96,50		52,8531		2 793,45
741. 94,70		52,3604		2 741,61
742. 94,30		52,8054		2 788,41
743. 99,90		62,1489		3 862,49
744. 119,80		66,3759		4 405,76
745. 120,90		65,0561		4 232,29
746. 112,70		67,627		4 573,41
747. 128,40		76,7505		5 890,64
748. 125,40		77,6405		6 028,04
749. 124,70		77,1752		5 956,01
750. 127,30		75,4719		5 696,01
751. 138,10		78,5983		6 177,69
752. 150,90		70,6207		4 987,29
753. 142,60		66,6606		4 443,64
754. 133,30		61,046		3 726,61
755. 128,70		68,6368		4 711,01
756. 123,80		75,1622		5 649,36
757. 105,30		66,2813		4 393,21
758. 110,10		66,664		4 444,09
759. 95,00		67,7982		4 596,60
760. 88,70		70,9183		5 029,41
761. 90,50		74,1057		5 491,65
762. 88,40		72,3259		5 231,04
763. 81,00		70,6385		4 989,80
764. 81,70		71,1534		5 062,81
765. 98,10		69,5449		4 836,49
766. 107,50		62,452		3 900,25
767. 103,70		66,4952		4 421,61
768. 114,90		79,3504		6 296,49
769. 134,70		78,3965		6 146,01
770. 151,90		71,1989		5 069,29
771. 134,90		71,5324		5 116,89
772. 127,30		74,4581		5 544,01
773. 144,10		77,1835		5 957,29
774. 132,60		85,5035		7 310,84
775. 119,40		89,5748		8 023,64
776. 111,70		94,1064		8 856,01
777. 117,70		89,7531		8 055,61
778. 94,60		82,4138		6 792,04
779. 83,80		71,6461		5 133,16
780. 89,10		81,2188		6 596,49
781. 94,10		80,6256		6 500,49
782. 94,10		80,6256		6 500,49
783. 86,60		70,2726		4 938,24
784. 108,90		80,8251		6 532,69
785. 125,20		80,3092		6 449,56
786. 138,70		73,0097		5 330,41
787. 156,00		76,9662		5 923,80
788. 179,40		66,283		4 393,44
789. 172,20		76,3581		5 830,56
790. 148,80		84,0878		7 070,76
791. 140,30		91,8238		8 431,61
792. 134,90		97,5053		9 507,29
793. 135,00		97,5285		9 511,80
794. 119,10		91,0444		8 289,09
795. 114,30		88,0807		7 758,21
796. 105,30		87,7531		7 700,61
797. 98,90		78,7673		6 204,29
798. 90,30		65,0892		4 236,61
799. 92,40		63,7577		4 065,04
800. 105,80		60,5009		3 660,36
801. 114,40		53,7088		2 884,64
802. 125,10		41,2588		1 702,29
803. 130,90		48,8538		2 386,69
804. 130,70		49,0409		2 405,01
805. 130,00		48,8385		2 385,20
806. 148,10		55,5814		3 089,29
807. 140,10		55,1624		3 042,89
808. 145,40		59,7515		3 570,24
809. 140,40		68,112		4 639,24
810. 147,30		72,2081		5 214,01
811. 157,90		73,4309		5 392,09
812. 158,00		73,3771		5 384,20
813. 139,30		79,7635		6 362,21
814. 142,50		78,1054		6 100,45
815. 139,20		78,7931		6 208,36
816. 136,80		75,7176		5 733,16
817. 127,90		83,5254		6 976,49
818. 116,40		77,9194		6 071,44
819. 137,50		75,0363		5 630,45
820. 121,30		72,9343		5 319,41
821. 112,00		66,1332		4 373,60
822. 124,50		77,1677		5 954,85
823. 128,60		72,9592		5 323,04
824. 119,40		79,4773		6 316,64
825. 116,10		80,5599		6 489,89
826. 115,40		79,6357		6 341,84
827. 122,80		73,4381		5 393,16
828. 113,00		81,4002		6 626,00
829. 103,70		73,3281		5 377,01
830. 113,20		72,9449		5 320,96
831. 116,80		74,1199		5 493,76
832. 116,10		72,9389		5 320,09
833. 110,70		77,977		6 080,41
834. 120,00		72,4307		5 246,20
835. 119,10		73,0376		5 334,49
836. 113,00		66,8042		4 462,80
837. 114,90		66,4492		4 415,49
838. 131,60		57,3432		3 288,24
839. 130,70		57,4475		3 300,21
840. 127,60		56,9951		3 248,44
841. 125,60		56,2747		3 166,84
842. 109,70		43,5845		1 899,61
843. 132,20		47,3219		2 239,36
844. 137,20		48,087		2 312,36
845. 150,00		44,3193		1 964,20
846. 143,70		47,2569		2 233,21
847. 146,20		46,1081		2 125,96
848. 150,20		49,8434		2 484,36
849. 158,00		50,6043		2 560,80
850. 156,00		52,3527		2 740,80
851. 143,80		67,4089		4 543,96
852. 142,30		69,0044		4 761,61
853. 127,30		61,8515		3 825,61
854. 119,10		61,4792		3 779,69
855. 108,40		56,6325		3 207,24
856. 115,60		58,8765		3 466,44
857. 106,80		61,6795		3 804,36
858. 103,40		56,4468		3 186,24
859. 100,80		52,4896		2 755,16
860. 108,30		57,2661		3 279,41
861. 114,50		49,6835		2 468,45
862. 115,50		48,7283		2 374,45
863. 122,20		49,4991		2 450,16
864. 123,00		48,953		2 396,40
865. 133,30		51,0843		2 609,61
866. 139,10		57,3733		3 291,69
867. 159,30		57,3028		3 283,61
868. 145,90		66,1188		4 371,69
869. 142,90		65,5446		4 296,09
870. 136,60		64,9895		4 223,64
871. 145,70		62,3234		3 884,21
872. 140,70		69,5429		4 836,21
873. 144,10		71,1188		5 057,89
874. 150,10		69,0557		4 768,69
875. 150,10		69,0557		4 768,69
876. 140,80		64,5954		4 172,56
877. 140,50		64,0925		4 107,85
878. 143,10		60,5978		3 672,09
879. 137,70		62,8205		3 946,41
880. 145,20		64,0091		4 097,16
881. 145,70		64,2044		4 122,21
882. 153,70		52,2973		2 735,01
883. 159,80		59,474		3 537,16
884. 145,30		75,0107		5 626,61
885. 145,20		74,9517		5 617,76
886. 140,50		77,1366		5 950,05
887. 133,20		69,8195		4 874,76
888. 149,80		72,7307		5 289,76
889. 141,80		82,7923		6 854,56
890. 131,90		82,4748		6 802,09
891. 130,40		81,8477		6 699,04
892. 128,60		82,6247		6 826,84
893. 119,60		72,9153		5 316,64
894. 124,80		66,3277		4 399,36
895. 123,70		65,3377		4 269,01
896. 125,10		64,618		4 175,49
897. 110,60		68,1883		4 649,64
898. 104,10		58,1953		3 386,69
899. 117,60		49,3177		2 432,24
900. 125,70		50,7505		2 575,61
901. 112,90		56,774		3 223,29
902. 109,90		58,921		3 471,69
903. 113,00		62,349		3 887,40
904. 129,20		67,3213		4 532,16
905. 132,30		70,1513		4 921,21
906. 135,40		69,2462		4 795,04
907. 142,20		61,3528		3 764,16
908. 145,00		63,2582		4 001,60
909. 150,70		65,3545		4 271,21
910. 152,10		65,9218		4 345,69
911. 162,50		52,7205		2 779,45
912. 168,70		42,3369		1 792,41
913. 152,60		57,5382		3 310,64
914. 143,50		52,8474		2 792,85
915. 135,20		48,2241		2 325,56
916. 144,50		54,6685		2 988,65
917. 156,30		55,8642		3 120,81
918. 140,70		62,83		3 947,61
919. 141,00		63,1189		3 984,00
920. 144,80		66,696		4 448,36
921. 144,90		66,6805		4 446,29
922. 143,70		67,2771		4 526,21
923. 145,60		64,3276		4 138,04
924. 136,70		71,4899		5 110,81
925. 140,60		71,8626		5 164,24
926. 141,40		72,8027		5 300,24
927. 133,90		68,5747		4 702,49
928. 148,90		63,4861		4 030,49
929. 143,20		60,8782		3 706,16
930. 123,70		63,3736		4 016,21
931. 121,10		63,39		4 018,29
932. 128,20		65,1411		4 243,36
933. 131,30		62,1081		3 857,41
934. 131,90		61,2657		3 753,49
935. 129,70		60,4269		3 651,41
936. 110,30		56,0982		3 147,01
937. 114,00		59,0762		3 490,00
938. 118,60		66,4563		4 416,44
939. 127,70		75,2357		5 660,41
940. 137,00		67,7082		4 584,40
941. 143,10		67,6586		4 577,69
942. 137,00		67,1655		4 511,20
943. 152,50		70,7068		4 999,45
944. 168,00		62,6275		3 922,20
945. 178,30		66,0455		4 362,01
946. 185,50		52,7205		2 779,45
947. 184,70		52,9038		2 798,81
948. 181,20		50,2191		2 521,96
949. 172,80		47,1122		2 219,56
950. 172,30		47,6824		2 273,61
951. 172,60		47,6764		2 273,04
952. 164,30		62,042		3 849,21
953. 162,60		60,205		3 624,64
954. 164,80		62,0158		3 845,96
955. 147,60		60,9528		3 715,24
956. 149,80		59,8712		3 584,56
957. 152,90		61,5637		3 790,09
958. 153,90		62,4763		3 903,29
959. 145,50		67,4793		4 553,45
960. 142,90		69,0485		4 767,69
961. 149,90		75,0339		5 630,09
962. 164,50		64,0769		4 105,85
963. 143,50		75,5106		5 701,85
964. 128,00		73,0589		5 337,60
965. 143,20		75,9958		5 775,36
966. 145,60		75,92		5 763,84
967. 136,30		74,3667		5 530,41
968. 129,50		69,8302		4 876,25
969. 136,40		66,8569		4 469,84
970. 136,20		66,9982		4 488,76
971. 113,10		66,0083		4 357,09
972. 100,50		64,424		4 150,45
973. 119,70		63,4934		4 031,41
974. 137,80		71,9775		5 180,76
975. 140,70		75,9474		5 768,01
976. 144,60		77,5154		6 008,64
977. 144,20		77,7185		6 040,16
978. 146,30		78,0488		6 091,61
979. 146,70		78,0154		6 086,41
980. 137,90		88,4109		7 816,49
981. 139,50		86,236		7 436,65
982. 140,20		85,5486		7 318,56
983. 123,10		88,3317		7 802,49
984. 122,90		88,0437		7 751,69
985. 100,30		79,8599		6 377,61
986. 91,70		73,8161		5 448,81
987. 93,80		74,404		5 535,96
988. 99,90		82,317		6 776,09
989. 92,30		81,5844		6 656,01
990. 111,60		80,2847		6 445,64
991. 115,10		77,2702		5 970,69
